X_LOG
1 1 1 0 1 1 1 1 1 0
X_MIN
1.0000080242635438e-10 1.0000939560333413e-10 1.000046383168128e-05 1.4904934296321063e-05 1.0000932832654302e-26 1.0000161698406295e-15 1.0001130229232802e-10 1.000012986627809e-15 1.0000078412212579e-21 3155926238.728596
X_MAX
0.9999911757689038 0.9997277278518372 999.8731773628368 0.9999989210569928 9.999377663562984e-17 9.997414003246752e-06 0.4999874313818805 0.999568048844734 0.0001399666736865167 631136103683.8499
X_MEAN
-4.961411946836438 -4.998103615924515 -0.8716179063048417 0.5010687372794171 -20.96172215078596 -10.7010695025643 -5.037250949087841 -7.4469772714677065 -11.11038313898469 294806664122.1554
X_STD
2.9097809418850544 2.8886698972334295 2.3219357037551296 0.28879843075008205 2.441366640188511 2.8620690701176446 2.8254373332820033 4.315397294579586 5.084535486606174 186384788247.2393
Y_LOG
0 1 0 0 1
Y_MIN
1.0015812616998598e-20 1.0658854200472187e-13 1.2162936518722783e-25 20.0 7.937040701645555e-16
Y_MAX
0.49999999999999994 1.0 0.0001399999999999999 40.0 9.985448057990409e-06
Y_MEAN
0.4104234584381344 -6.099492075992542 0.07669358405220884 30.92094233841597 -10.812829457377523
Y_STD
0.27047802371040586 3.1724516726940197 0.05729932601178769 4.526270327479072 1.9619067887725279
