X_LOG
1 1 1 0 1 1 1 1 1 0
X_MIN
1.0025014539644316e-10 1.0023326918973094e-10 1.0003140604952463e-05 4.4797824533002135e-05 1.0000226095023457e-26 1.0000317007976996e-15 1.0004725839859562e-10 1.0003413792100861e-15 1.0006676181670695e-21 3176771584.672975
X_MAX
0.999422075537664 0.994921266447888 996.9123604980099 0.9999707615417046 9.978872800617229e-17 9.969899444025606e-06 0.4983720648341311 0.9976926448335574 0.00013961744258876246 631020653599.146
X_MEAN
-4.925000726587223 -4.995701791946622 -0.8468840807570948 0.4822244510873176 -21.005987483542395 -10.612623303725803 -4.951041483415718 -7.37381352701084 -10.970588581229855 288389302912.4464
X_STD
2.912749326606852 2.877512758612019 2.32058577429078 0.2878564849336668 2.5332493466147987 2.9229922016591683 2.837509331468822 4.33874367220774 5.105068370511998 187108036512.59457
Y_LOG
0 1 0 0 1
Y_MIN
1.0129781987583455e-20 1.0682810809738052e-13 2.0055182850671652e-24 20.0 1.0075984664310607e-15
Y_MAX
0.49999999999999994 1.0 0.0001399999999999999 40.0 9.965904809206077e-06
Y_MEAN
0.41344813494430455 -6.016049954869871 0.07877509966036132 30.756040452197503 -10.720072715623722
Y_STD
0.27440819814470807 3.300107099552448 0.057711669696843534 4.731944263741404 2.101252762206464
